x=[2427	2486	3573	4592	5503	6534	6605	4777	10395	15387	15810	10800	7304	26453	5101	11958	4043	26416	5375	12153	5636	15467	9277	12591	16428	11121	15467	9328	16301	17904	11649	14862	8077	21418	14298	7056	17203	16289	5382	14844	12625	16569	13855	17981	8629	7612	8866	9036	0	6395	8446	9333	14896	9212	10022	1647	4948	5006	7405	2383	5567	4742	7776	9475	5438	10599	12641	11646	14000	14207	16440	15140	7458	6423	10856	16947	12644	12734	7106	22674	27816	27177	14325	28654	22624	19411	23359	20261	12734	26073	19968	20591	23664	25361	25998	18738	26086	22535	26015	24702	21703	14262	25461	15007	19569	24153	24631	18993	22965	22193	17079	17008	19007	21475	18413	24003	17044	20983	22605	24685	27346	15952	24065	23325	24580	15255	21684	15801	14074	26591	27380	27232	14405	23146	16607	27700	23238	27696	22046	18906	25981	27823	23785	26852	20177	18467	5481	10398	7912	5734	9663	19909	3299	8622	18954	74	5062	8403	2933	3526	10340	11557	26424	9296	19501	21018	5291	16872	1373	7004	1049	5394	11415	11563	4026	12400	8307	17734	2883	8180	9469	13765	5868	8079	11529	15248	11678	6869	8049	12855	13797	10210	10225	13277	9090	17144	18012	8457	12746	15412	2708	7906	18438	7048	8904	15658	14065	14624	17075	17962	22176	9095	18393	4020	8394	12696	14269	25221	1321	6837	9237	15198	5635	10630	11902	13175	20215	10547	12727	21072	12632	13694	17005	10685	14177	16032	19072	13244	17198	8017	8045	5314	20101	22304	16629	18134	9178	17087	20554	21091	5985	7093	9062	9460	10643	21439	19767	24813	16440	7747	9319	10700	11730	21006	13093	15748	10631	20282	21450	18470	16267	11482	23198	17814	12442	21766	22846	11702	13920	7100	19041	12778	17414	25021	3267	4741	4233	6924	10142	17765	5495	5664	20582	14173	18556	10510	14482	6182	5541	3927	16061	9095	3762	14318	10352	15092	4684	18303	4678	16387	7653	3469	3518	13954	16823	15087	4153	15517	5451											
];
y=[3971	5999	6213	4603	1127	5641	374	4897	11203	729	2307	13282	5230	5577	4080	13313	1895	6508	8643	12336	133	8658	16148	1063	9069	16432	12080	4311	8299	8287	3515	2524	6401	10721	7418	8348	6218	10072	3012	5519	16259	6055	3345	18449	12086	11938	13143	17538	1787	10443	11200	14631	1603	11305	12204	2728	7293	8846	10981	3692	6782	7293	10613	12000	3994	17980	9560	9381	8970	9980	13232	11101	8920	8831	14727	7487	14943	4015	9467	12173	5581	7771	8666	8755	4818	6934	5325	7586	10344	8807	12961	13549	9790	6423	7032	10921	11094	11293	12078	9522	6591	15129	9834	5535	7348	12450	9422	12371	13535	12185	5894	4775	11488	8540	11721	15286	10691	15862	14301	14278	13331	18397	7353	16701	13319	5110	13101	3966	16516	13715	18202	14482	18032	15382	17365	11609	6502	11621	17634	16346	18051	14737	17643	16114	17642	17001	6004	10360	12840	9659	1288	5300	6018	10638	4874	781	4339	1075	1767	4357	1764	1581	8639	13102	6091	5764	7349	2798	731	6226	2127	8631	2585	10298	3913	2060	9726	3629	3617	4496	2286	1353	4904	0	11243	9106	8618	7286	5439	8945	9621	2789	3821	13204	5365	9081	4414	8991	8450	12982	2295	3978	6539	4600	8868	7594	10987	14004	12924	12823	5492	3975	9183	2990	2035	3024	12877	5795	1791	3490	9872	10100	7965	8774	7709	12238	9951	9591	7691	10404	17949	2357	7212	5528	6684	3061	8519	7056	9810	7210	3052	2060	10774	10527	14481	10046	3299	11933	11228	9482	2567	1381	7639	8311	4472	11383	8810	10799	12068	8260	6799	8184	5532	8819	4339	15728	6472	8590	7555	14411	11058	6354	13523	10707	4329	12348	9149	4480	5354	2449	15769	5799	15476	16290	793	6434	895	5696	1662	3561	1205	1653	6548	11941	5588	15314	12692	2005	2093	2110	7352	16414	2170	13569	17133	6936	1364	7385	3765	6609	1952	2308	2571	5615	4207	3512	2299	17034	2757											
];
As=[5.72 	5.51 	9.39 	8.50 	5.41 	7.84 	5.62 	11.45 	5.20 	4.58 	5.41 	7.12 	6.35 	2.34 	8.23 	6.47 	9.17 	6.56 	4.09 	8.67 	7.78 	2.91 	10.97 	4.17 	4.38 	9.81 	5.20 	3.50 	5.41 	5.83 	6.05 	5.00 	4.29 	4.69 	8.06 	7.41 	7.56 	5.41 	8.90 	3.30 	2.77 	6.14 	6.26 	6.47 	3.77 	4.58 	8.23 	7.78 	6.56 	7.12 	8.23 	5.41 	1.61 	10.74 	3.77 	14.08 	18.38 	8.67 	4.58 	9.62 	10.53 	21.87 	10.27 	3.97 	9.35 	6.47 	9.58 	5.00 	3.17 	3.77 	6.05 	3.37 	6.69 	3.37 	8.23 	4.79 	5.41 	4.79 	8.90 	2.34 	4.69 	3.50 	4.09 	3.11 	2.38 	4.58 	6.05 	5.62 	7.34 	4.49 	7.63 	3.97 	7.41 	6.35 	4.69 	10.99 	4.90 	2.91 	4.90 	2.91 	5.20 	4.38 	4.09 	9.17 	2.97 	2.34 	3.30 	4.29 	2.34 	1.77 	3.50 	2.38 	6.14 	2.77 	3.69 	3.50 	2.72 	8.00 	2.77 	2.72 	2.91 	3.17 	5.10 	4.79 	3.89 	2.53 	2.72 	2.00 	3.57 	2.72 	3.17 	2.53 	3.77 	3.17 	3.97 	4.09 	2.77 	5.93 	2.97 	3.17 	1.80 	2.34 	3.17 	3.57 	3.57 	2.97 	7.41 	4.38 	6.05 	5.41 	7.56 	5.00 	9.84 	5.20 	5.41 	7.84 	5.51 	7.78 	8.72 	4.49 	5.00 	7.56 	4.69 	4.17 	5.20 	7.56 	3.69 	6.47 	5.93 	3.50 	6.35 	5.31 	5.62 	5.41 	6.69 	6.47 	6.47 	3.37 	8.94 	4.49 	4.79 	5.00 	6.14 	6.26 	5.20 	3.57 	3.11 	16.58 	4.29 	3.30 	4.90 	4.17 	7.34 	6.91 	5.51 	2.91 	5.62 	4.69 	2.91 	6.26 	7.41 	5.00 	4.38 	5.51 	4.17 	3.11 	9.13 	6.91 	1.77 	2.53 	5.20 	6.26 	1.96 	8.00 	6.91 	23.72 	5.20 	5.72 	4.90 	6.91 	6.47 	7.34 	6.14 	3.69 	3.89 	4.58 	2.91 	8.23 	5.62 	3.11 	5.62 	4.17 	8.67 	4.69 	3.69 	3.57 	6.69 	3.89 	3.89 	6.56 	5.62 	3.77 	4.49 	4.29 	7.12 	30.13 	2.77 	8.50 	6.77 	5.93 	7.56 	5.41 	5.31 	4.90 	7.20 	5.72 	6.98 	5.72 	5.62 	5.93 	4.29 	3.89 	4.90 	2.91 	3.11 	5.62 	5.51 	7.56 	1.61 	4.38 	4.38 	4.90 	1.96 	6.35 	2.72 	5.93 	5.93 	5.31 	3.30 	4.58 	3.37 	3.50 	7.12 	3.77 	6.77 	3.30 	5.93 	6.47 	5.41 	6.26 	6.77 	6.98 	3.17 	4.79 	2.77 	7.34 	7.34 	4.79 	6.14 	5.72 	4.49 	11.68 	8.06 	8.23 	10.74 	3.69 	6.56 	5.62 	6.47 	3.69 	9.35 	5.72 	7.41 	6.05 	6.91 	3.37 	8.72 	5.83 	6.69 										
];
